Id	Ctrl1	Ctrl3	Ctrl4	RNAi1	RNAi3	RNAi4	norm.Ctrl1	norm.Ctrl3	norm.Ctrl4	norm.RNAi1	norm.RNAi3	norm.RNAi4	baseMean	Untreated	RNAi	FC	log2FoldChange	pvalue	padj	tagwise.dispersion	trended.dispersion
FBtr0074337	5421	1308	893	0	0	0	3361	1931	1279	0	0	0	1095.27	2190	0	0	-14.097	3.17553074898834e-28	4.99447476200887e-24	0.299	0.3271
FBtr0078144	8921	4634	3303	0	0	0	5531	6843	4731	0	0	0	2850.79	5702	0	0	-15.477	6.17841653453602e-27	3.23913784183942e-23	0.3757	0.4059
FBtr0342811	5861	5721	5158	0	0	0	3634	8448	7387	0	0	0	3244.9	6490	0	0	-15.664	8.60969068037347e-25	3.38533037552285e-21	0.4248	0.4216
FBtr0113470	1125	711	626	0	0	0	698	1050	897	0	0	0	440.67	882	0	0	-12.784	3.49618142881131e-19	9.16465691872405e-16	0.4081	0.394
FBtr0302615	1269	345	574	0	0	0	787	509	822	0	0	0	353.06	706	0	0	-12.464	6.86451862944146e-18	1.54235927148365e-14	0.426	0.4454
FBtr0310637	531	644	601	0	0	0	329	951	861	0	0	0	356.83	714	0	0	-12.479	8.93192853784375e-17	1.75601715054008e-13	0.4657	0.4428
FBtr0336616	986	405	259	0	0	0	611	598	371	0	0	0	263.39	527	0	0	-12.042	2.08735431391703e-15	3.28299086492871e-12	0.4873	0.5352
FBtr0342815	745	392	149	0	0	0	462	579	213	0	0	0	209.03	418	0	0	-11.708	3.02154815927374e-13	4.32026449536886e-10	0.5683	0.6225
FBtr0344981	2331	350	74	0	0	0	1445	517	106	0	0	0	344.68	689	0	0	-12.43	3.97666077576865e-13	5.21207672344077e-10	0.6453	0.4516
FBtr0076459	605	258	236	0	0	0	375	381	338	0	0	0	182.35	365	0	0	-11.511	8.38676448699391e-13	9.42193084653145e-10	0.5762	0.6803
FBtr0073421	3604	3160	3575	135	30	119	2235	4666	5120	90	44	143	2049.68	4007	92	0.023	-5.435	3.44037862108937e-11	3.18879790861656e-08	0.3296	0.3703
FBtr0343497	96	351	379	0	0	0	60	518	543	0	0	0	186.77	374	0	0	-11.544	1.0916951707662e-10	9.03693770832148e-08	0.749	0.6707
FBtr0084549	1859	712	814	58	32	52	1153	1051	1166	39	47	62	586.3	1123	49	0.044	-4.509	3.12047350266913e-10	2.453940362499e-07	0.2714	0.3491
FBtr0100457	1962	665	558	80	14	12	1216	982	799	54	20	14	514.34	999	29	0.03	-5.057	1.35118489015202e-09	9.65974361468679e-07	0.3497	0.3666
FBtr0302693	70	797	80	0	0	0	43	1177	115	0	0	0	222.48	445	0	0	-11.797	1.53453540582323e-09	1.04935534186033e-06	0.9166	0.5983
FBtr0290025	412	93	203	0	0	0	255	137	291	0	0	0	113.92	228	0	0.001	-10.833	3.36737211740705e-09	2.11848114650312e-06	0.8248	0.9039
FBtr0308562	820	69	189	0	1	0	508	102	271	0	1	0	147.08	294	0	0.002	-9.211	3.23372410874161e-09	2.11848114650312e-06	0.7278	0.7782
FBtr0300190	1837	698	643	28	0	27	1139	1031	921	19	0	32	523.63	1030	17	0.017	-5.891	6.98305315349575e-09	4.06775777771041e-06	0.4796	0.3639
FBtr0335024	9378	3241	2115	314	262	101	5815	4786	3029	210	382	121	2390.57	4543	238	0.052	-4.256	4.15405509085468e-08	2.17783261563208e-05	0.3311	0.3861
FBtr0301500	188	140	122	0	0	0	117	207	175	0	0	0	83	166	0	0.001	-10.375	7.25245294167227e-08	3.67956709247166e-05	0.9605	1.0587
FBtr0077645	3723	1636	1690	11	115	75	2308	2416	2420	7	168	90	1234.97	2381	88	0.037	-4.758	2.15796049186555e-07	0.000102849704897156	0.4397	0.3316
FBtr0310450	113	118	135	0	0	0	70	174	193	0	0	0	72.94	146	0	0.001	-10.189	2.54692209656958e-07	0.000117817619808372	1.0363	1.1176
FBtr0074916	649	491	663	55	33	14	402	725	950	37	48	17	363.13	692	34	0.049	-4.347	2.94125962495651e-07	0.000132171803946617	0.3857	0.4383
FBtr0344554	401	61	60	0	0	0	249	90	86	0	0	0	70.77	142	0	0.001	-10.148	3.54041093194564e-07	0.000146535745099055	1.061	1.1276
FBtr0332205	450	326	72	7	0	0	279	481	103	5	0	0	144.7	288	2	0.007	-7.199	5.48157638738518e-07	0.000215535583551985	0.8225	0.787
FBtr0339081	272	87	89	1	0	0	169	128	127	1	0	0	70.88	141	0	0.003	-8.385	5.84440780245027e-07	0.000224197185163263	0.9197	1.1283
FBtr0301796	144	52	134	0	0	0	89	77	192	0	0	0	59.66	119	0	0.001	-9.9	7.52518458220767e-07	0.000281800245497529	1.0881	1.1976
FBtr0303912	235	68	64	0	0	0	146	100	92	0	0	0	56.3	113	0	0.001	-9.818	7.7552916758285e-07	0.000283663319714955	1.0738	1.2168
FBtr0111030	3838	1306	1038	101	167	220	2380	1929	1487	68	244	264	1061.71	1932	192	0.099	-3.335	8.28624405994989e-07	0.000296195560397481	0.2733	0.3262
FBtr0087593	252	506	140	0	4	6	156	747	201	0	6	7	186.17	368	4	0.012	-6.437	9.43123150653834e-07	0.000329632020299633	0.736	0.6719
FBtr0330331	276	44	68	0	0	0	171	65	97	0	0	0	55.58	111	0	0.001	-9.8	1.07326560812588e-06	0.000359155776268167	1.1065	1.2205
FBtr0085154	628	33	27	0	0	0	389	49	39	0	0	0	79.46	159	0	0.001	-10.316	1.168290837364e-06	0.00038280996437627	1.2311	1.075
FBtr0335521	145	125	38	0	0	0	90	185	54	0	0	0	54.82	110	0	0.001	-9.778	1.43916463742692e-06	0.000452703628349013	1.1359	1.2267
FBtr0305218	70	36	164	0	0	0	43	53	235	0	0	0	55.24	110	0	0.001	-9.788	2.74293128887981e-06	0.000813977798330221	1.2212	1.225
FBtr0073003	75	65	66	0	0	0	47	96	95	0	0	0	39.5	79	0	0.002	-9.304	3.75303124171381e-06	0.00109310509943842	1.145	1.3065
FBtr0085755	566	306	290	28	10	29	351	452	415	19	15	35	214.38	406	23	0.056	-4.152	3.95978754414301e-06	0.00113235524535057	0.44	0.6124
FBtr0089484	931	253	282	55	5	3	577	374	404	37	7	4	233.74	452	16	0.036	-4.778	4.44239544311979e-06	0.00120465509533428	0.559	0.5784
FBtr0088872	51	57	82	0	0	0	32	84	117	0	0	0	38.87	78	0	0.002	-9.28	5.33381622521837e-06	0.00133922546264539	1.188	1.3093
FBtr0337056	1637	443	289	0	0	22	1015	654	414	0	0	26	351.58	694	9	0.013	-6.298	5.79837592430812e-06	0.00138177055359876	0.8598	0.4465
FBtr0071602	272	71	41	0	0	1	169	105	59	0	0	1	55.57	111	0	0.004	-7.834	5.98290985418207e-06	0.00140446576397874	1.0281	1.2206
FBtr0345896	134	38	40	0	0	0	83	56	57	0	0	0	32.75	65	0	0.002	-9.037	6.30183196475038e-06	0.00145757666384697	1.1485	1.3293
FBtr0332401	46	40	117	0	0	0	29	59	168	0	0	0	42.53	85	0	0.001	-9.41	6.8514153381423e-06	0.00156172551359858	1.2594	1.2936
FBtr0100656	156	31	35	0	0	0	97	46	50	0	0	0	32.1	64	0	0.002	-9.01	7.2114975994257e-06	0.00159749907385588	1.161	1.3308
FBtr0089589	229	29	26	0	0	0	142	43	37	0	0	0	37.01	74	0	0.002	-9.216	7.38975051375914e-06	0.00161424994556116	1.2203	1.3145
FBtr0308254	4829	419	179	79	0	29	2994	619	256	53	0	35	659.48	1290	29	0.023	-5.443	7.51613474045133e-06	0.00161936667394272	0.7229	0.3376
FBtr0332851	98	25	55	0	0	0	61	37	79	0	0	0	29.41	59	0	0.002	-8.882	9.24177621833348e-06	0.00193806208482599	1.1624	1.3371
FBtr0078430	64	47	27	0	0	0	40	69	39	0	0	0	24.63	49	0	0.003	-8.624	1.46295570366193e-05	0.00294991888553781	1.1603	1.3417
FBtr0303389	1765	1224	402	54	14	158	1094	1807	576	36	20	190	620.64	1159	82	0.071	-3.819	2.43730379213883e-05	0.00445743186543715	0.4672	0.3431
FBtr0300515	234	121	13	2	0	0	145	179	19	1	0	0	57.29	114	0	0.006	-7.379	2.6129410436678e-05	0.00472371686606979	1.1632	1.2109
FBtr0070493	95	21	20	0	0	0	59	31	29	0	0	0	19.76	40	0	0.003	-8.313	2.66299274545681e-05	0.00475949430688007	1.1664	1.3369
FBtr0307374	83	19	22	0	0	0	51	28	32	0	0	0	18.5	37	0	0.003	-8.218	2.79492132244454e-05	0.0049391598381357	1.1444	1.3337
FBtr0089348	2882	973	837	536	140	186	1787	1437	1199	359	204	223	868.16	1474	262	0.178	-2.489	3.56242058464295e-05	0.00622552788391825	0.2325	0.3252
FBtr0071835	507	264	223	38	19	23	314	390	319	25	28	28	184.06	341	27	0.079	-3.658	4.03492722514154e-05	0.00689797123880719	0.4523	0.6763
FBtr0111027	78	25	96	0	1	0	48	37	137	0	1	0	37.37	74	0	0.007	-7.185	4.47071839443718e-05	0.00740162725344295	1.1184	1.3148
FBtr0306240	27	14	70	0	0	0	17	21	100	0	0	0	22.94	46	0	0.003	-8.52	4.46836793739181e-05	0.00740162725344295	1.3306	1.341
FBtr0273370	5126	3129	2739	560	557	112	3178	4621	3923	375	813	134	2173.96	3907	441	0.113	-3.149	4.87218704917913e-05	0.00781936305198871	0.3664	0.3761
FBtr0333377	26	28	28	0	0	0	16	41	40	0	0	0	16.26	32	0	0.004	-8.024	4.82357544494191e-05	0.00781936305198871	1.1781	1.3247
FBtr0343268	22	20	45	0	0	0	14	30	64	0	0	0	17.94	36	0	0.003	-8.165	5.13052223766235e-05	0.00815079330848015	1.2386	1.331
FBtr0089951	578	192	18	8	4	0	358	284	26	5	6	0	113.14	223	4	0.017	-5.842	6.51822403161203e-05	0.00975464169494176	0.9794	0.9065
FBtr0334849	49	18	13	0	0	0	30	27	19	0	0	0	12.6	25	0	0.005	-7.665	6.57421172217591e-05	0.00975464169494176	1.1121	1.3066
FBtr0301872	33	31	12	0	0	0	20	46	17	0	0	0	13.9	28	0	0.004	-7.8	6.81508486778601e-05	0.010017537831826	1.1674	1.3134
FBtr0290077	1151	707	616	152	114	96	714	1044	882	102	166	115	503.88	880	128	0.145	-2.784	6.88656362501947e-05	0.0100288771013246	0.3052	0.3699
FBtr0072956	10999	5560	4658	882	710	971	6820	8210	6671	591	1036	1166	4082.26	7234	931	0.129	-2.958	9.13910356435733e-05	0.0128339125768046	0.3548	0.4518
FBtr0303384	2030	788	335	316	34	39	1259	1164	480	212	50	47	535.01	968	103	0.107	-3.227	9.82272539629162e-05	0.0134340717419891	0.414	0.3608
FBtr0072393	1239	627	684	186	115	135	768	926	980	125	168	162	521.36	891	152	0.17	-2.557	0.000132735938135264	0.0176921257202664	0.2846	0.3646
FBtr0339189	481	78	249	4	0	17	298	115	357	3	0	20	132.19	257	8	0.03	-5.044	0.00019306912766622	0.0253049269994526	0.9127	0.8305
FBtr0112532	93	46	72	0	2	1	58	68	103	0	3	1	38.8	76	1	0.018	-5.828	0.000198367403024526	0.025365223697315	1.051	1.3091
FBtr0112878	1379	231	234	102	35	5	855	341	335	68	51	6	276.1	510	42	0.082	-3.602	0.000197971386013953	0.025365223697315	0.5432	0.5189
FBtr0344277	1014	612	647	214	70	131	629	904	927	143	102	157	476.96	820	134	0.164	-2.608	0.000195278220863923	0.025365223697315	0.3104	0.3791
FBtr0070985	1132	494	422	144	83	95	702	729	604	96	121	114	394.55	678	110	0.163	-2.618	0.000308789234318445	0.0391664280432299	0.3326	0.4179
FBtr0307289	1126	611	471	0	39	0	698	902	675	0	57	0	388.65	758	19	0.025	-5.335	0.000316534154048783	0.039827593399034	1.0801	0.4214
FBtr0302694	2556	1090	1017	380	337	323	1585	1610	1457	254	492	388	964.15	1551	378	0.244	-2.037	0.000381045065906665	0.0471895810754333	0.2181	0.3248
